[0.1565 0.134  0.1388 0.1685 0.162  0.149  0.1764 0.17   0.1542 0.1583
 0.1266 0.1635 0.1698 0.1495 0.152  0.1484 0.1519 0.1448 0.1563 0.1573
 0.1495 0.1568 0.1636 0.1595 0.1467 0.1469 0.1581 0.1318 0.1691 0.1707
 0.1557 0.1626 0.1435 0.1538 0.1447 0.169  0.1462 0.1386 0.1526 0.1685
 0.1488 0.1419 0.1629 0.1271 0.1563 0.1488 0.1488 0.1579 0.1555 0.1387
 0.1556 0.1424 0.1562 0.1544 0.1392 0.1553 0.1504 0.1544 0.1539 0.1551
 0.157  0.1655 0.1636 0.153  0.1549 0.1276 0.1388 0.1591 0.1501 0.1549
 0.1743 0.1508 0.1621 0.168  0.1733 0.1637 0.1556 0.1551 0.161  0.1454
 0.1658 0.167  0.1596 0.1551 0.1602 0.1514 0.1618 0.1679 0.1697 0.1555
 0.1604 0.1499 0.1756 0.1451 0.1461 0.1636 0.1533 0.1632 0.1629 0.1446
 0.1624 0.16   0.148  0.1567 0.1499 0.1644 0.1811 0.154  0.1583 0.1739
 0.1473 0.1497 0.1601 0.1544 0.1571 0.1527 0.1458 0.1612 0.1375 0.156
 0.1513 0.1487 0.1574 0.1583 0.1472 0.1541 0.1541 0.1461 0.1528 0.1539
 0.1686 0.1504 0.1586 0.1549 0.1603 0.1765 0.148  0.163  0.1538 0.1729
 0.1486 0.1675 0.1681 0.1659 0.1426 0.1562 0.1637 0.1298 0.1267 0.153
 0.1445 0.1573 0.1591 0.1599 0.1498 0.1436 0.1555 0.1647 0.143  0.161
 0.1591 0.1616 0.159  0.1521 0.1445 0.1648 0.1755 0.157  0.1682 0.1427
 0.1633 0.1482 0.1645 0.158  0.1534 0.1425 0.1377 0.1436 0.1251 0.1697
 0.1675 0.1549 0.1642 0.1634 0.1495 0.1393 0.1516 0.1375 0.1496 0.1628
 0.1456 0.1585 0.1503 0.1295 0.1731 0.1322 0.1367 0.1499 0.156  0.1601]